%%Generated by Zebu
%%Module name: 
175 1 11 23
%%============================================================
%%HYPEREDGES
%%============================================================
1.000 0
1.000 0
1.000 0
1.000 0
1.000 0
1.000 0
1.000 0
1.000 0
1.000 0
1.000 0
1.000 0
1.000 0
1.000 0
1.000 0
1.000 0
1.000 0
1.000 0
1.000 0
1.000 0
1.000 0
1.000 0
1.000 0
1.000 0
1.000 0
1.000 0
1.000 0
1.000 0
1.000 0
1.000 0
1.000 0
1.000 0
1.000 0
1.000 0
1.000 0
1.000 0
1.000 0
1.000 0
1.000 0
1.000 0
1.000 0
1.000 0
1.000 0
1.000 0
1.000 0
1.000 0
1.000 0
1.000 0
1.000 0
1.000 0
1.000 0
1.000 0
1.000 0
1.000 0
1.000 0
1.000 0
1.000 0
1.000 0
1.000 0
1.000 0
1.000 0
1.000 0
1.000 0
1.000 0
1.000 0
1.000 0
1.000 0
1.000 0
1.000 0
1.000 0
1.000 0
1.000 0
1.000 0
1.000 0
1.000 0
1.000 0
1.000 0
1.000 0
1.000 0
1.000 0
1.000 0
1.000 0
1.000 0
1.000 0
1.000 0
1.000 0
1.000 0
1.000 0
1.000 0
1.000 0
1.000 0
1.000 0
1.000 0
1.000 0
1.000 0
1.000 0
1.000 0
1.000 0
1.000 0
1.000 0
1.000 0
1.000 0
1.000 0
1.000 0
1.000 0
1.000 0
1.000 0
1.000 0
1.000 0
1.000 0
1.000 0
1.000 0
1.000 0
1.000 0
1.000 0
1.000 0
1.000 0
1.000 0
1.000 0
1.000 0
1.000 0
1.000 0
1.000 0
1.000 0
1.000 0
1.000 0
1.000 0
1.000 0
1.000 0
1.000 0
1.000 0
1.000 0
1.000 0
1.000 0
1.000 0
1.000 0
1.000 0
1.000 0
1.000 0
1.000 0
1.000 0
1.000 0
1.000 0
1.000 0
1.000 0
1.000 0
1.000 0
1.000 0
1.000 0
1.000 0
1.000 0
1.000 0
1.000 0
1.000 0
1.000 0
1.000 0
1.000 0
1.000 0
1.000 0
1.000 0
1.000 0
1.000 0
1.000 0
1.000 0
1.000 0
1.000 0
1.000 0
1.000 0
1.000 0
1.000 0
1.000 0
1.000 0
1.000 0
1.000 0
1.000 0
1.000 0
%%============================================================
%%VERTICES
%%============================================================
%%LUT,LUT6,RAM,URAM,REG,DSP,RAMLUT,FWC_IP_NUM,FWC_IP_BITS,QIWC_IP_BITS,READ_PORT_IPS,READ_PORT_BITS,WRITE_PORT_IPS,WRITE_PORT_BITS,ZC_TRACE_BIT,ZCEI_MESSAGE_INPUT,ZCEI_MESSAGE_OUTPUT,FW_RESOURCES,ZPRD_BB,ZFORCE,ZVIEW,ZRM_SLOTS,ZRM_PORTS
0.00 0.00 0.00 0.00 0.00 0.00 0.00 0.00 0.00 0.00 0.00 0.00 0.00 0.00 0.00 0.00 0.00 0.00 0.00 0.00 0.00 32768.00 1.00 
